0.3356621120871001
0.2550001711534362
-0.006015815282742122
0.09347665164271501
0.34669655332395133
0.2178670927287053
-0.07547616991169426
0.19464478914785954
-0.05187752340974374
0.32182584348272564
-0.5226872318891135
-0.6002283198866242
-0.25339194142322374
0.19683995037113233
-0.10005865915747722
0.08452152524636208
0.34030572531732284
0.37849464506282615
0.32427842943981683
0.6784059096809714
0.6606671832461959
0.6798004440029869
0.8743656292957136
0.8947411698542365
0.9006627465405144
0.8043136345179185
0.984822332363733
0.5750504999171248
0.4965343324608684
0.3620640764900577
0.3172626902324205
0.6464875693130243
0.5447311202005256
0.6381991702988539
0.5630023963950428
0.3357240204295711
0.6593040236053667
0.4583516193321856
0.47031891000627835
0.5492123944246757
0.6598278286675741
0.9131971647253578
0.6973016837088305
0.43556837096201295
0.42676878197904694
0.11725634593056963
0.5375964877274949
0.6454950437213317
0.765891710948427
0.567398660720445
0.47729137191111537
0.40618735484108776
0.013826322403743915
0.42046425582323255
0.20292617326481505
0.35097036176556595
0.42973487658529913
0.1887808100147654
0.7726692899721074
0.6396521724716431
0.6978117718742528
0.17565097184044415
0.08870477940782859
0.1169433000286732
0.3515760538881129
0.02758853731227629
0.1749977878855515
-0.2690240427516693
-0.44613260314082
-0.40010500585598674
0.10092554878160007
-0.34786594277701977
0.052867658849614994
-0.006657414459379722
0.593781060861603
-0.10414431839651234
0.1984095473527604
0.6321679107031529
0.8419401198372097
0.7368540905391525
0.6962189448479994
0.8926450687426376
0.8870431270105024
0.5809551029288141
0.8752032686990405
1.0017684536777753
1.1238585798243856
1.011574227855487
1.0151767250428325
1.0880455809808758
1.184034659684773
1.0946467895716812
0.8392935615964132
0.8970770842457387
0.17730644075992735
0.4165652244726926
0.6020587778957699
0.7320023491525045
0.8085332873832265
0.6886969805809562
0.6820432865861512
0.7174044244184793
0.8427575559280647
0.6589952285493369
0.7359575160333702
1.0190626378802976
1.1097229928157681
1.0634281104505034
1.086718484561056
0.9025640455860454
0.9443105100039652
0.8373995294546663
0.9894402811070987
-0.0320809370710992
-0.32553439064700307
-0.4065585896719942
-0.338687118659445
-0.2063952466660185
-0.0840982672926961
0.11969190328673657
0.26850787980599256
-0.026103881563288685
-0.2730023779480466
0.21167195037543385
0.024779022899354165
0.16898525033956796
0.4089865959324512
0.6472128822594153
0.8661619575787572
0.517152001370141
0.9844170210786597
1.2154552356452617
1.1530928089996726
1.120360502119636
1.153190742272121
1.2994638901104552
0.8121849819063486
0.7600357470201232
1.1280321098795414
0.6403737361826282
0.8848772537924166
-0.9292291361482253
-1.315537583435156
0.21240588221042028
0.6747207374891712
-1.1910039334126608
0.4521806260280131
0.20535290685896584
0.641622160039816
-1.9555429947693441
-2.8234708136928024
-1.480796045851073
-0.8947442605529339
-1.9491257327291391
-1.7919326361346264
-2.653973322341976
-2.2223260056785525
-2.051574370975837
-1.8943941114475336
-2.5837103116757993
-4.4307966109297885
-2.1782458452885463
-0.5213446225377101
-0.04691853373514728
-0.24180240951298695
0.15937382513955559
0.6178430261272313
0.4964024653857295
0.767677313991615
0.8126001471188287
0.9564129437700107
0.8012010381141009
0.3852768573230491
1.0410982888187934
1.046541758598391
1.0026447057521808
0.9731637522555586
1.1969677188157315
0.6002759637553978
1.0804374842494415
0.703785970940284
1.1871573842903416
1.0990963373661289
0.07982682750662867
0.6682150876028248
0.7065618843534295
0.816267989275916
0.19782658065319447
0.6449040563150216
0.4643277596193347
0.594110689135389
0.8606070396500926
0.7215848022285688
0.4555776865431206
0.5840400247394859
0.23702205572969814
0.02933589153519018
0.2127767524636351
-0.9755462615648375
-0.06035469903104366
-0.2440959351618459
-0.023153946478766684
0.26040101207821365
-0.25890407561196616
-0.5034605668565121
0.16472989529321896
-0.20732028748835224
-0.17342952970877634
-0.5303162924348637
-1.1997800287354528
-2.999842658421968
-1.40363557654469
-0.2042474628793801
0.0452608136604181
-0.24093072723586914
0.25136976434476244
0.33837920381062175
0.2737922585133426
0.4034791106480276
0.3073290282633393
0.6184410556821706
0.7958999891429882
-0.1422717710321401
-2.2999773485514123
-0.7648863339638039
0.3380784438829816
0.1839593883251866
0.6778905749284496
0.5093472099808959
-0.0021263094650163933
-0.11544054954627422
-0.9426015675524204
-2.0347870524416916
-1.8846817094672308
-1.2032840173196246
-0.630278749125329
-0.7029965595807827
-0.16863509991535836
-0.13674775619656113
0.03117612975574919
0.37509071325153387
0.4181533631737738
-0.9229564960108525
-2.0834625002413407
-1.958119252928728
-1.3355607240649936
-0.9793915794800002
-0.4398249821809266
-0.6747995576913738
-0.26293356002227775
0.23737612492921456
0.5812115765109057
0.027525072976292524
0.3199230058393385
-0.8787907114935553
-0.13302687026403032
0.22517542054264245
0.4578941690768603
-0.5158093683036087
-0.004187997963746963
0.1315895987089072
0.37777475562422547
0.8191341525675491
0.2825423589683969
0.05997222502577249
1.0409061492956144
1.1142344101257502
0.5918473761683394
0.43217124564557213
-0.24521652523592932
0.5342814214710674
-0.3054988872828266
0.0017924238956305155
-0.14800837379310386
-0.2231787424645673
-0.5484814841608868
0.03750417912882669
-0.6438872359217916
-0.7198204925427272
-0.9828050583227659
-0.3872920218922312
-0.8313037107958494
-0.7006565580163666
-0.9290043768426847
-0.5063379354505738
-0.9770812672661356
-0.2906607452500952
-0.11438828334781548
0.004031435009574681
-1.3448840316722048
-0.3085443038792702
-0.5894268544756394
0.26830249879141965
0.5596681096693591
-0.0033815960187374774
0.26932651220849335
0.2244265946583271
0.6414667207937971
0.764494883366135
0.7688613054299263
0.39613991446490915
0.6906317568091154
0.05463182168133967
-0.6547223344821177
-1.438646093782193
-2.2522075695387755
-1.1828738300825543
-2.504681769805173
-0.21218133779192258
-2.5853604331246953
-1.5608124350348769
-0.27127839608730553
-0.4412233916624749
-0.1500038082230338
0.2553003104795814
0.21666800079339393
0.5169597438041121
0.5730684445757079
0.5459058176501234
0.3725308201414892
0.2806982189582044
0.4002811797314352
0.7146561102603035
0.8374587890925606
1.2067364312410362
0.35795353150430026
-2.241382332789642
-0.3654911045296325
-0.07114679442378424
-2.752531716538216
-0.22549044505061236
0.2546081985246369
0.25145227228893263
0.18729159328560094
-0.1284216151224606
-0.29914425685093676
0.13681997045737782
0.43517892084554616
0.3478870112881174
0.2321462711232497
0.10135434751176306
-0.05957621809029521
0.6613127908451747
0.7496815711735582
0.3004354689788937
0.7124072434250835
0.7766243921620923
0.4475592245302592
0.4553219979888926
0.33266501647999563
0.3267530899223289
0.051459008653373904
0.38652690561671904
0.6573880977817541
-0.6229761124984387
-0.4475325015658367
0.043174488592643216
-0.5808041995478807
-0.3031365932994273
0.7421514687655516
0.8924399540356003
-0.40115262379869643
0.14146403000603616
0.5662474943293955
0.2540996081635115
0.7823563204616568
0.6840537834951527
0.4041933858945122
0.02401523388533478
0.8608869514930567
1.7134754512514352
0.44173925361513927
0.6957797623840705
0.7940036342821614
0.8669204583187785
0.9963150276873941
0.7295285500993373
0.9758628258822751
0.8889705607422839
0.13120691563513934
-0.24695752591201522
0.2534969925695838
0.5515334765510544
0.6471652772886085
0.6986975690225091
0.14608930890577507
0.618620259429412
0.9916664276918677
0.5797193933036946
0.7396746096904375
0.7018030853186159
0.3502269364448394
0.5160229532916706
0.3985881885543702
0.6366515587701341
-0.2899890905353571
0.3597369409033447
0.7250230856607423
0.6418179720889353
0.4850566564068911
0.0033888402645860724
-0.7347821963961626
-0.23458392198986888
0.18410708612670923
0.6541849233313867
-0.24903620390531866
0.11932781623690081
0.013824721049239971
-0.3426959204593762
-1.738391652355961
-1.6307259334924804
-0.4592674180364159
-0.1452195394518644
0.3422757859580279
0.0744798018260171
-0.5733146686776944
-0.5077875733862933
-0.09607480225052414
-0.24812744777657048
-1.8324066410575923
-0.39522452760824534
0.06731038748283236
-0.0012247392100977472
-1.2395200191220197
-1.3192426490447646
-1.3130975987207667
-1.0278726415099848
-0.5745267292199951
-1.0959104635993258
-1.9977796352750972
-2.4606567904938275
-2.494378059395822
-2.08841287591518
-0.8075313175197012
-0.3564741390117977
-0.15875564604612938
-0.3759945399973403
-0.454216099092914
-1.1969579999712485
-0.7288382456873905
0.006543590520398261
-0.8509900914891362
-0.7801673647943306
-0.44197649661309785
-0.11705155830771677
0.37609452797474674
0.18832402263719938
-0.7249425890797687
-0.3531274325354034
0.13357955359344453
0.4073004454168919
0.33984445087959697
0.39238170134916134
0.37770181466548053
0.4931158230348397
0.44742168094972423
0.23686557988668516
0.5184875445455196
0.3826777920294931
0.24702081423196698
-1.1742055702359977
-2.0416709521511818
-1.3392866856721461
-1.3572380455740702
-1.8209002231688627
-1.2822755744633734
-0.309470646807042
-0.9662614583031337
-0.6917192977397261
-0.7268485597776095
-0.6290242452086539
-2.452669813691312
-1.3730615578963283
-0.6788973646244729
-0.2883832098995573
-0.31178315540880613
-1.4567725974809125
-1.680899121159967
-1.3309279969961514
-2.0796177772051467
-2.48339546335525
-1.5846302866671358
-2.8193338886629236
-3.6144584771855404
-1.399079925914171
0.060404216858104175
0.10694039569565653
-0.1599083907487288
-0.32370449696043163
0.16143274405587899
-0.3475372088691967
-0.11874490175627758
0.4149322234017056
0.542744438169445
0.4606457090667182
0.6950513227392783
0.4178813653828588
0.6560846349668803
0.49208339770870957
0.34534144758238744
0.43953773285361286
-0.057546213943934076
-1.6123213035433075
-1.0198588602794783
-0.6003405333541939
-0.2654065974481217
-0.21283980653070775
-1.384039545420817
-1.0355789420431847
0.2526903877917424
-0.45081349022526507
0.40656312806991995
0.6719352044136899
-0.4369787804461812
0.49640307293073327
0.5721075926429288
0.8494837559265688
1.056858043885595
0.8551549279019034
0.8904907054363547
0.6743111262143509
0.7165005406522831
0.3816785776232856
-0.2658569778925429
-1.834017540605683
-1.0943845469302762
0.18782850757086175
0.6657935203706233
-1.537483586828215
-0.837256754948744
-0.494971906121791
0.14070188402900852
0.3248005485240235
0.397605578012374
-1.6453339168011556
-2.515215990150409
-0.35167340717351436
-1.801120811838997
-1.140823884413252
-1.9984761684143648
-3.484227281681304
-0.9579799603909367
-0.5617184357210627
-1.0737488532506034
-0.1353648261876
0.452390890243037
0.40413717683792205
-0.061012127208492035
0.40010212924629524
0.38465334490310876
-1.2433260556360115
-0.3919597263634785
-0.09343978483567786
-0.16930490934993936
-0.5844844171845555
-2.2410426679159823
-3.6908085879979495
-2.2974529089249667
-1.7071998388218894
-0.9444302687214653
-0.3833575697195441
-0.5163835086589269
-2.392165444340085
-1.5031442513324926
-0.340432791159337
-0.16365067707586015
0.14577162520502623
0.4477490649303704
-0.20134938012816075
-1.0586753082284814
-1.1041852993193129
0.16611101950354593
0.5751543166033091
0.2392799549820872
0.4576921208562561
-0.0021893949599614063
0.4098963358029312
0.03215313891672084
0.2171662190954356
-0.1909400622877776
-0.44266805373868556
-1.7559672436149765
-2.5503879302884642
-4.15498056635706
-2.8378554682324575
-1.2214132375053286
-1.1244409383593272
-2.1583520975159
-2.650810124291787
-1.2293529628762834
-2.245439088683001
-3.399504472486513
-2.1606940332586286
-2.9602211255180673
-2.109972584995855
-0.2493482636405228
-0.9593249466376079
-0.5872537356529561
-0.42976628157586516
-1.0631722388827474
0.16829476445892358
-0.13745817416701553
0.35097660825332233
0.727038970721714
0.61160962224023
0.0875886142435526
-0.43003153943611566
-1.394984833732507
-0.5327155291137444
-0.15722364390780985
0.07742486087783534
-0.04678873224741931
-0.5103479267292933
-1.2922964466336304
-2.383505678406194
-1.1375179234351385
-1.2738282412671058
-1.2033431004194253
-0.9112766935736099
-1.407706499361877
-2.5882061217159453
-3.855439668144642
-1.461812933936114
-0.9320538807142373
-0.6982743061059062
-1.9292156631677333
-1.1745125902050573
-2.2353093567209488
-2.031339867105048
-2.2831195183193733
-1.0316161275198978
-1.2563446525956163
-1.8540458350400595
-1.7809322187645789
-2.38518257786598
-0.8576976276322018
-0.239832816473914
0.18688527663922858
0.18391115144373477
0.1964418239637319
0.12139039975136659
0.34452156481168045
-0.01854203584211788
0.16536760874150153
-0.8574570394289256
-3.059809851821147
-1.7109053169794655
-0.6747190798645086
-1.2345622652092934
-0.789885873369875
-0.8384936568735156
-0.3396305641188865
-1.0040237643925622
-0.9168629002596064
-1.1415084034536123
-1.9781852631195336
-3.169606943332104
-2.970392820886791
-2.2610223753145107
-0.8505530253978769
-0.5278145093789841
-0.08138043133069359
-0.18742456762760942
-0.07579018216071365
0.07584375949267516
-0.5597762013256855
-0.033051041429355325
-0.16062320219667178
0.3727343180144966
0.016755547831362856
0.4591274733909265
-0.191339151677429
0.3306667268863616
0.366260853473168
-0.17831609522367192
0.1465325081899205
0.24274968019863546
0.3502920425906827
-0.5960401841334915
-0.18503649969467154
0.12952635249552008
0.27453853913308474
0.42565400674876486
0.5125720601758537
0.15913440976888807
-0.2734266114553289
-0.46766921766841635
-0.38698621436828584
-0.31913773031561743
-0.2861186883773517
0.3539797821802703
0.48900762090834715
-0.25085428759311174
-0.5114756120292888
-1.925319001831129
-0.08104177515614215
-0.392834281858931
0.25364244470703673
0.20215942949282745
0.04781074517908177
-0.501147053707054
-0.6968361257990542
-0.8208004768669881
-0.2244534231819767
-0.3926716303178465
-0.18782074498648949
0.09449368601665836
0.329150039492222
0.3634455665707387
0.20549477959305568
0.28765085509233
0.14228736265834185
0.18933481522816648
-0.013992120627816816
0.17932152613788183
0.1951928734389693
0.3028394896198162
0.10690158192967109
-0.36295305898026975
0.13040459374431812
0.3457215098231808
0.10597363344847169
0.1066244356628083
-0.08433417222790018
0.26846467329582596
-0.3246715917342734
-0.08675184024036614
0.23238440243502884
0.04645298202154586
-0.8837823845136817
-0.46589936033227103
-0.3264133490953356
-0.13641389221977956
-0.0756758895682077
0.02842032691650078
-0.12924215601980835
-0.10198599726973276
-0.20663848692016565
-0.5601473252151064
-0.7105310578693316
-0.36445811799690997
-1.2006057471451337
-0.12655869687334295
0.4481088443364222
0.3926772374302131
-0.18165757208289493
-0.5843473235757591
-1.4063217343089354
-0.5377321618395504
-0.17651963854590327
-0.03849043522181697
-0.2310074383850092
0.03532218372345001
-0.46858375296078686
-2.074721975693871
-1.874503096138196
-0.53437399397503
0.08051010982864673
-0.03164518132560976
0.3268415001352907
0.032096103325667875
-0.240597216887201
-0.27953885470924517
-0.12150159400592475
0.05937317771258604
-0.0008779691739644255
-0.5589553581469033
-1.2399481516439634
-0.25699238266451147
-0.4134038831516442
0.012966624432180045
-0.088604362717018
-0.48533600185775544
-0.1503146600424414
-0.197385104930344
-2.122098376730172
-2.3837144756882154
-1.730813244061062
-0.1322517881591096
-0.13278327613775087
-0.34675424389237547
0.17090003689073643
0.32637852577107485
0.3757115023279354
0.07348255648372842
-0.4337075181943237
-0.7079224742475889
-0.35272397053987764
-0.9156601175009322
-2.589070100812261
-1.8120346697483165
-1.4162116086000032
-1.2669021921598322
-1.787857184881609
-3.249696325923434
-1.9299717202949234
-2.7462829548035392
-2.953422534516705
-1.2619373144661485
-0.4527697871250361
0.17779208065019778
0.1148795806570459
0.2761724132900782
0.18839611462704428
0.11303437786048945
-0.7419715414851739
-0.8164935540313212
-0.2174537615340834
-0.14309896744247225
-0.5790880633036763
-2.014955024229741
-1.3919565684091446
-0.19655471259153282
-0.012148246355295642
0.41878678928305046
0.3733512656212887
0.20484291648323982
0.4848110783430788
0.6004846304665381
0.7160781841325897
0.6604105825502162
0.2949247575007427
0.526352973463948
0.5629957794128765
0.7366982282946639
0.031162425218175353
0.27748435867139565
0.3677278057819886
0.4947904830026545
0.34797637686255123
0.266257869846051
0.14859543642230372
0.44578442887958786
0.4244629983601856
0.14988399969452496
0.546177713014225
0.009361920374832508
0.14968347672484164
0.15163808806863213
-0.04576390957434973
0.279714659005953
0.5665989927731963
0.5851242918938347
0.05956540685537604
-0.36293438989199045
-0.06030792189915763
-0.7398453611541458
-2.2084964310910733
-3.190941321526659
-1.3032649146763626
-1.4017956490083905
-3.1557283911593887
-3.891969108957981
-1.0149292480951473
-0.09914512285551583
-0.3662241320267115
-0.02830358256064012
0.18099628138401186
0.17410709240855857
0.13823537234172964
-0.9506374928093793
-0.8581769415963119
-0.31558496897440946
-0.16511198785148715
-0.28212367909010294
-0.17091960155034572
-0.7051391560527632
-0.11389852624194449
-0.006612847514995267
-0.803923387156822
-2.0832141929877603
-1.0889007861061988
0.1935913508887097
0.06753098680298081
0.10701292616616301
0.28875147168822896
0.46594223974382154
-0.07072214568534532
-1.4024652300303044
-0.6268690501251549
-0.07288272683194369
-1.2088463897392323
-0.338134687298046
0.07551917314424364
-0.2102136705054319
0.17955298429045904
0.06386619751054814
0.06503061546386496
0.2598680411906838
0.20366728863843575
0.15868245841203943
-0.1547299993685338
0.26759949189503823
-0.18672780080661616
-0.017924266825867525
-0.20250024987205328
0.010381503473945806
0.14829826738367277
-1.5067899377278549
-2.7021588442978213
-2.866354013424072
-1.0670454953042936
-1.7377248426229106
-0.35370966143253074
-0.5060841530803858
0.052979771115129755
-0.1370830130912251
0.033182079382578826
-0.28928920403608843
-0.13107385345869388
-0.09773191423847859
-0.008844005880906287
-0.9516611600505639
-0.46182416449746816
-0.5400147632800002
-1.2529432948390977
-2.657900148537513
-1.1408567478625538
-0.3941672515087606
-0.9139981459692207
-0.651077511167812
-2.0244054764058466
-2.6734347587303118
-1.7852222388639085
-0.4190499312474795
-0.5286089322209314
-0.22546216181266976
-0.6487865223868436
-0.5644235777670383
-0.3918661875267709
-0.15063882844210916
0.0677855081113235
0.11888240405926656
-1.3797656549949089
-0.4450823267405546
0.07059533249627509
-0.007645588390143954
0.24790682939176073
-0.35217448111084076
-0.6486577690855129
-0.8422112692771846
-1.1404713457367683
-0.8276225523115074
-0.6480451013509785
-0.4998363586861462
-0.6873991346140989
-0.1960645388248256
-0.30224111316333124
0.18195860977707845
0.6439686768030433
0.4187054473168623
0.7172873696516768
0.44450953990228403
0.6094635336071481
0.35719646047300924
-0.09130607475653194
-0.28522810126950376
-0.11856958210930216
-0.7856282584141109
-0.12167886783773083
-0.22406679081262992
-0.08885470414223887
0.3333689331309319
0.2493298111996362
-1.2410390992989637
-2.0288677377276905
-0.13077728799279043
-1.2856598421175
-1.4748300086066288
-0.6472248628139259
-1.1622268028903595
-0.9121088948653033
-0.2923911455732649
-0.25934897619638136
-0.42281805549475493
-0.9627949069218695
-1.346598325509864
-0.9047650297484787
-2.2795474732370185
-3.3330368918409765
-2.0683007858015876
-0.331527806160365
0.04700148834724139
-0.1489216277502926
0.11855438565001847
0.18769113644930405
0.4053715201301586
0.3254191745515967
-0.3606468268400061
-1.4851011762629005
-0.34582017021740963
0.09599904157779005
0.060727119828154645
-0.07231378319273211
-1.0481555718322215
-0.44893277712226126
-0.48813838397997433
0.0020091279269302334
0.3192641446367738
-0.03826945560020113
0.372857935587607
0.23983799957694363
0.2284109187607397
-0.17891689500308167
-0.9132721995492691
-0.6248839714792147
-0.8196671811905674
-0.130033994939777
-0.004570842722664739
0.3306803855520889
-0.002263003100010194
0.3745333154976628
0.6231995394143013
0.7350945682332883
0.6096726619879994
0.680229640033812
0.9226546031997543
-0.4873806119018938
0.5181419798846351
0.42592807620594597
0.5967852419376416
0.13211645129734617
-0.00850906972537279
0.38726858842217055
0.07489466802878356
-0.19423503596835115
-0.41382687088938336
-0.18771444087683253
-2.5622091796390505
-1.7021343887460194
-0.24772700809337386
-0.3175091163217937
0.08108284576623437
0.3001132481944244
0.48688011321610547
-1.0556121824288682
-2.7811953070988817
-1.1334489953717426
-1.5661168048884941
-1.9282296475670406
-0.6984805690060869
0.08219135794316568
0.401395211165331
0.26384937893456556
0.11745034920289113
-0.532661782347922
-0.13343726870395528
0.12122307634201909
0.07312235974993417
0.13937262838347195
0.3598178880240404
0.5909323720215918
0.2628659034879188
-0.3209318349464667
0.15109002952391612
-0.9541855406049202
-0.06366675911898571
0.18852692196200546
-0.03956944939395821
-0.7913962965640075
0.08742429256836551
0.28600074056335206
0.07214047831073175
-0.579752816833739
-1.1942861581677287
0.3210089038077405
0.6924014884670635
-0.2729763930063816
-0.5956935173966191
0.1479711058672252
0.5232484220887446
0.5945503754694307
0.3835690393435184
-0.3643082896617463
-0.1726378345632881
-0.036043049681246365
-0.029614237786976423
-1.6268687095201706
-0.23614691993962436
-0.3249023559665869
0.1532215250871683
-0.023451505487263758
-0.5264345807159299
-1.438728670655857
-0.09763654212807141
0.4740263234381765
0.5498712272682392
0.4583169133117768
0.6806831771737661
1.0621486230041213
-0.08860129257041353
0.28847020977715737
-0.36755103516439325
0.24440196729678904
-0.34501928074572175
0.7652604860249814
0.4845315201177606
-0.5533107149869297
0.12291165280230337
0.15194009385160112
0.0021034250875597016
0.28278068704930465
-0.29670823190741913
0.7165988253686358
0.9333627115632495
-0.07814219274903646
-0.589467256435556
-0.8016668943498322
-1.1783615381344994
-0.812532098734219
-0.7857341332138399
-0.19363627280751344
-0.12613269485966525
0.15596408285186833
0.05806795964368578
0.04605233782665647
-0.6008058356319949
0.23879290254280183
0.07435837912453308
-0.29534132102841076
0.2835164031255918
-0.15206443138322023
0.4659516690937634
0.027103560358042754
0.4086814527158406
-0.4321114386680978
-0.6838804790983438
-0.05928822725325772
-0.007606875896413602
0.033236445713164205
-0.3841738407267339
-0.6404817721311761
-0.3083777903835599
0.2409210661179063
0.3244257578420324
0.7043793054486758
0.45358419740609013
0.14629423613111547
0.38988369385114985
0.5703660674697356
0.9267188714316301
0.6358153289986695
0.6356190912416341
-0.8097091620498224
0.1386867998691124
-0.6913011131406795
-0.15403872066786148
0.22377125132726366
0.3985020615198811
-0.22999513678329242
-0.87292329866384
-1.8041546795666437
-0.8402877650613395
-0.1009548671788037
-0.24574624918849824
6.228054283401174e-05
0.17722111261995488
-0.3661416182330761
-0.4093208040034354
-0.14636534219338285
0.09411314097994983
-0.1341584382221064
0.3743595149575075
0.16005877166710666
0.8707327814798965
0.9066974541224918
0.8098564206080477
0.883558103489212
-0.17588620733866997
-0.3792241809206495
-0.2964652807214182
0.09184601728706654
-0.1990858481643019
0.23755975178193395
0.5835081486181692
0.849527884787377
1.0195743506766102
0.9873019577602392
1.0222685767104585
0.5011449430989919
0.9259822605967821
0.9798270301041095
0.7837128799533197
0.6290509844760777
0.6610770092485493
0.40129780939503745
0.437691969186827
0.639062806240744
-0.2588723011413977
-0.05358100469283943
0.1870428989122074
-0.41361646932132695
-0.33460620767064386
-0.4281252836781735
-0.17454333082372234
-0.7845745899704126
-0.2507267187641201
0.05497494142335158
0.25897961833515526
0.2691687462650415
-0.17583513961232286
-0.0991495795875681
0.10038063896503513
-0.3338079896720349
-1.1209396402757688
-1.5090186200059394
-0.937500434541149
-0.7053983876653546
-0.3478563669192639
-0.2259253101351114
-0.3691038480270675
-0.5870408928840289
-0.6268217591752271
-0.3129349656591987
-0.07791750507925571
0.0220947128001402
0.31756406358175215
-0.11294359098862247
-0.021414817981964675
0.022273858621703314
-0.3834288610041783
-0.21229318329679295
-0.5506441285234324
0.4222741912868026
0.5341982054945509
0.5173773425480859
0.5127753388391029
0.5475405611988888
0.18708158127742414
0.5406521892539793
0.44043561894514616
0.614704978253625
0.7058931152610282
0.470185523540125
0.4445640133660591
0.5008161858345058
0.3944119683475969
-0.24597242442259087
-0.26849787725964996
-0.022501493162583784
-0.2676248915422338
-0.11409971858532078
-0.02785968691798512
-1.3155347042871315
-1.671484095291577
-2.151483320006824
-2.6464115770202263
-2.565582506857643
-3.352463170294247
-2.0366027859742264
-0.6094500682464623
0.09392225110639887
0.19965328995251905
0.4210328981863127
0.26522628475332655
0.4171396548786529
0.5587651476410053
0.6346853570106685
0.5460280022816877
0.24857982844478005
0.29114585253789843
0.06239870932811278
0.38475792282914695
-0.1030461265582929
-0.0974042695022162
0.34916108590733747
0.24767580145426593
0.06392301931688449
-0.5510747656770577
-0.2175077989006835
-0.09301375450747082
0.4091741383800941
0.3952400682682467
0.44658458496781256
0.5877252362807377
0.4299902758661347
0.3308529375280422
0.5313002531514425
0.4430313602651841
0.03382204920936382
-0.7837483945179307
-0.6310706358340546
-1.001691529783334
-0.7254791334972727
-1.018834469600517
-0.6267875311442516
-1.1784863633088116
-0.9926739980020313
-0.9906342225393356
-1.1770908582079909
-0.9342620978150673
-1.7412396274049273
-2.0220050942136685
-1.8824393161753101
-2.1380049228362186
-2.021368315054308
-2.1156956352219822
-3.027696649396652
-3.3203104304295903
-3.3693296723722166
-4.182217251063327
-2.1971026963386144
-1.3023486316629347
-0.554265313363901
-1.7038640793451647
-0.9037564508172388
-1.6858547225318679
-2.1468525424604548
-1.162317552094428
-2.264114495657635
-1.823003078819007
-1.1337683845422344
-0.7649824433131446
-0.9377683430218753
-1.1629773050743115
-0.9502501049424386
-1.6351037780325075
-1.575330056193487
-1.4205091127673277
-1.164472844508643
-1.1916492708785509
-0.91975986482573
-0.6854494911640016
-0.6588033166368572
-0.8359769932409621
-0.5219224548740881
-0.26044988467176233
-0.11279788674095798
-0.37183355890825187
-0.4349935798635688
-0.581531486071932
-0.7334886438940438
-0.5183227805495276
-0.5749152139950664
-1.908704669301155
-2.2061287737362245
-1.4634702646820419
-0.6176847727816974
-0.8062550472706151
-0.8946132431700661
-0.3168640174642467
-0.3734788863611102
-0.3327346275962041
-0.2824418444008175
-0.2400622024055871
-1.03222682528454
-1.7390143051809426
-0.8506153855116427
-0.3448304784255209
-1.2045763014507074
-1.23931127769
-1.507587193413143
-2.2108449135842805
-2.285199225163528
-1.6904168417020744
-1.7014537355030024
-1.4820173993364765
-1.2416491720498775
-0.919223526294523
-0.7446393728491119
-0.4711276944724097
-0.8579124542116727
-0.865567414916595
-1.4298328674228926
-1.0983611895271417
-1.4429778498171164
-0.519983633097484
-0.625145833830406
-0.9352542066016702
-0.45507375721327564
-1.4911017402733526
-0.7154544400512441
-0.234848283988035
-1.1053093350471634
-1.3554549055954581
-0.9896609781360778
-0.7015581388519219
-0.9469231213375161
-1.7459233276285624
-1.3243703324047675
-0.8276007548558749
-1.0607600181771977
-1.1076087367549619
-0.9014458188653157
-2.0892371179260776
-2.534800727191128
-3.192334818792192
-1.3574695159623729
-0.8183702695240148
-0.5010311219588098
-0.13649189337224515
-0.5318975763518761
-1.4396923618304054
-2.5503904479518136
-2.9039482873306324
-3.8405906001113834
-2.5730072556252575
-2.2901748386481855
-2.177757033280358
-2.1541358293407376
-1.8626820619199795
-2.3130662037726744
-1.8393913316772235
-2.352364279870994
-2.159727142796463
-1.306028430430506
-0.8982588994773794
-0.9337031804642169
-1.2909747565488767
-0.9154228682572428
-1.6455155757894775
-1.2339478697570316
-1.1356223933242768
-1.4392960880332295
-1.8124655612370868
-2.2039290551619386
-2.8385273612661277
-2.8757533301741653
-2.7810663038084393
-2.7585129066589453
-2.3945314225145333
-1.9551632843436104
-1.6727146404458577
-1.4721583018320479
-1.6252344098194742
-1.4073786982104854
-1.2983367240845693
-0.9012928651480943
-1.6633536042587511
-1.7797854597929614
-2.1149195343938003
-2.433847966067792
-1.5668586621605898
-1.692035292224802
-2.110974525823041
-1.8564173162436943
-2.221593277092678
-2.561971065056376
-2.6020056518930073
-2.1321883715881764
-1.7983603684690759
-2.006664384579304
-2.6557347698105804
-2.467847539536253
-1.693681362349082
-1.4848872640131672
-1.5646468433313896
-1.6042414022153109
-2.4336861301627204
-1.3609529666205171
-0.9905588727191431
-0.9690684773393912
-0.7457914229936038
-0.9224901325833453
-0.7179523127264407
-0.4248175680646087
-0.9138557341184512
-0.5028020757782861
-0.3135377132459397
-0.3172608690925266
0.08045256003670273
0.17308036617157757
0.09202885329256894
-0.15421194881444053
-0.06686729906627303
-1.0082199633192959
-0.41247242648565685
-1.0104313018589255
-0.1775790856464914
-0.7969661094572732
-0.5654080536825475
-0.36544249189370265
0.0316590608264475
-0.18780420221855426
-0.5280493702793227
-0.6536977505409385
-1.2149899771241852
-0.7875452821696501
-0.22716788910584057
-0.6523497281610819
-0.31896862306506274
-0.5968912853083587
-0.2997987065873972
0.02039154863284761
0.017508862399383394
-0.08450748116362755
-0.001119524707081064
0.01280971800057372
0.10559333136256638
-0.2034000661013192
0.07617367206085596
0.10077044388120923
-0.03612756194577915
-1.1892309637643153
-1.6115036228374553
-2.2058771993421833
-1.1183621279685352
-1.1582364757720198
-1.032198605980657
-0.2614143346560023
-0.25851402326709666
-0.14310017623297322
0.043525684308634634
-0.1445805995076112
0.4006516179654957
0.22875284440677995
-0.1322600910700868
0.38897712288303343
0.012730574366568749
0.051973876674739856
0.26583196588724217
0.49061212407217736
0.3026942422072346
-0.1008870958527725
0.08620819564858498
-0.9271587704430585
-0.3636432959767968
-0.07479188946841647
0.08224748012453115
-0.05586432280296725
-0.18142430284042488
-0.339115899331754
-0.32482585571267514
-0.2879349185156259
-0.04022712641361934
-0.347073937680993
0.2765828675333796
0.3081545186526234
-0.8336983527747015
-0.013670688137734581
-1.4644645743360851
-0.7749658478988702
-0.04064404953514587
0.023510016031814636
0.034856709561172004
0.40787242551022623
0.17648545748206707
-0.4305652320762135
-0.10581572267695212
0.3910046488829684
0.4240756802794113
0.1608162784834711
-0.6478720543552473
-1.0636761661459035
-2.132367139880722
-2.4196569969733503
-0.9687319749373005
0.093209824313426
0.008108935491593833
-1.3191191846479937
-2.4157364723162464
-3.200664923334159
-2.420668366165684
-2.14761055465018
-1.8467252320710215
-1.8646063512346756
-1.847801190533854
-1.7737121927022663
-1.3281859900924178
-1.3361122657001177
-1.3539876538976567
-1.137875530586953
-1.0699803769798428
-0.8042487908026544
-0.8898324768756182
-0.23290968382354257
0.2660206161029886
0.30655605772339856
0.3148257420090624
0.637095989216903
0.7448712905127955
0.7175077305712076
-0.37614958510667584
-0.2674699077510513
-0.03294251824714248
-1.4575411336412956
-2.0784132090007192
-3.0137869887422304
-4.046184589620321
-1.6107629551897555
-0.45013864008797666
0.19955341772253846
0.26270105419446815
0.47388424284657704
0.6536282131756216
0.5402890622618868
0.4553029636630197
0.360954550617888
0.5954175563312012
0.6468410268696058
0.04640175646995232
-0.3214812526602506
-1.21334677594818
-1.579419275618492
-2.213380484242744
-1.9685653157425742
-1.4802328119107027
-1.0480320786369308
-0.9238826116237637
-2.0379419837295374
-1.1704132656265414
-0.37352599490221106
0.06974356583129618
0.8220968369575009
0.4518545073034779
0.10938197288747253
0.2087028928426452
-0.19057166482402163
-0.337354676592725
-0.10576148893239565
0.3039942963504754
0.31992641620584394
0.3527340815831368
0.04954862822837008
-0.7139414421154251
0.5324174478996065
0.6674610657419517
1.0792290113913234
1.1917320934297329
1.282252328647088
1.212366389262336
1.3144488372227263
1.150414997603237
1.508204691376343
1.3576919303271828
1.3715466365744424
1.4389001868090885
1.4444892713932818
1.3581301766217646
1.4102349450852476
1.5495577445653823
1.8228496041087618
1.7237952860525543
1.8706650504682243
1.9440032483833227
1.804288092130764
1.3399599316922741
1.812650998904579
1.6171218728068353
1.444618013627138
1.558364607527283
1.3998080254760878
1.5078444005749996
1.5368983878569946
1.7540924663033601
1.6838625600134018
2.0608524495562723
1.7952377573059481
1.1953236144958568
0.06945303284427012
-1.8606442594542492
-2.748155012039056
-2.110942643825801
-2.986250583894058
-0.18744196262246887
0.6993146239443685
0.48650129641656137
0.2987658601509427
0.70363924325553
0.7176584997106337
0.6915537562080573
0.7545592045207156
0.17913438850620295
0.2639990111988284
0.033974360313603034
0.20220423440503693
0.608789146379611
-0.21033363450268955
-0.574634770298404
0.16216370270862432
0.5913245760786852
0.8358979002973848
0.44364574232331955
0.552793701731339
0.5403366475363225
1.0366155435007958
1.0027239864605786
1.2750740166177517
1.2361679200965587
0.4900570363052278
1.0028517518138842
1.481368231975739
1.3104436826052979
0.8683619805447108
0.7611551654271904
0.8801997004620015
1.1500025011138364
0.9171011981076428
1.054694644911257
1.3157529993707493
1.2024010368457843
1.2210079572118095
1.3704810764621116
1.315408168753539
0.7383764195834458
0.854782813355579
1.1716642798242893
-1.2981472061845503
-1.4391047954795249
-1.1295083868354727
-0.2634758550067841
-0.7997731646854241
0.17930446905275768
0.5097355508036526
0.2869501005283364
1.1265328787524205
0.9648532013865748
1.345667448630347
1.5413180310055454
1.4937782266110624
1.0694422539297037
0.7093776868048184
0.6751444023673768
-0.6515232917932414
-1.3872141508554903
-2.4782153367435695
-2.153305093694133
-0.18618151548388376
-1.9548326699490313
-2.2465201002349393
-0.8792526015585322
-0.6924415291982644
-1.6894801713449066
-3.206015272855777
-2.0584296537706375
-1.1475956673368406
-0.6607262754685893
-0.05358122492960433
0.16513740943098276
-0.16104331788192475
-0.47508126256633476
-0.7394555245970131
0.07703326259485568
0.4981257483125724
0.7656755396199466
1.034388525279968
0.9718766414438026
1.0641878384943875
0.9536020179631025
1.0047330272101318
0.3747913008810492
0.6655155229594302
-0.22626416881752134
0.44852880113696164
0.5139532609067823
0.32406513174986346
0.6560870738732487
0.9780210369272754
1.098103155014655
0.4726637076919141
1.246529279606483
0.8053300986303258
0.8840960710723061
0.32876107034595564
0.3663500340222965
0.320620603524301
0.22588643805009684
0.04818454456250431
-1.3465395557925357
-0.9024771626728886
-1.719488763361053
-2.4052834817549043
-1.1822295821846593
-0.6988406456685251
-0.7350012074119856
-2.5522722562279596
-0.8083175116705971
-1.2838200075487527
-2.449277689637539
-0.5133238375325969
-0.20529816793466013
-0.4140619495431833
-0.3657051231405481
-1.151013695087403
-1.0070662496608735
0.10537856858459246
-0.8872624703395952
-1.232384566532702
-2.2271825051125194
-1.4664004628225082
-1.8048049875857972
-0.6066699726038154
-2.8394397714714343
-1.0196303931945585
-1.7386984994274364
-1.788653630768172
0.003029501553456583
1.066339152400921
1.0711537646023654
1.267708366529794
0.9761236900031401
0.8814265996635368
-0.34554895961804066
-1.100709733435752
-0.6159406219805326
0.4760311983877843
0.9939935344336356
0.809729900666089
-1.1223485101030761
-0.37626862780651343
0.5752287749068601
0.7263868656369241
1.0794192904309805
0.977275651697716
1.1316538232538802
1.2088656223521674
0.9212889185360973
1.2393884009607405
0.9805772436726293
1.0016619830359732
0.9858690525228614
0.7283589566430033
-0.6502591305397424
-0.002076729307507859
0.7127853320195006
1.0313643566172568
0.4241288330061431
-0.49615545868551403
-3.2248666369217966
-1.454676181871987
-0.3269926669756229
-0.6219034801539508
0.49693971181299645
0.5971218565586008
0.5297812838973044
-0.004015730308249282
-0.140100468161459
-0.06256691269495222
-0.48945319416137023
0.2729549715087755
0.8667389463792255
0.578833558334072
0.27070100414706516
0.6967731380688749
0.9233022026736069
0.7026617465848615
0.4435373713245509
-0.819324744074286
-0.3839805145293851
-1.4567219969025118
-2.075799516871321
-2.6902416012068304
-0.7721975526234457
-2.0665882204558477
-0.36340467611960714
0.3384782851149933
0.6920879180607098
0.6892558204044532
0.5290513209087909
0.6574376882149248
-0.09961952947581657
0.5726420313749189
0.8106709064900274
0.18730639138316788
-1.0825707305880734
-0.497527899457384
0.183618266136624
-0.2499332020584164
-2.221925437704274
-0.6401842446815815
-1.2232983075160306
-0.409888307373796
0.49663898425218866
1.1418038596204914
0.9222116905891398
0.7720867871296739
-0.7642722908953786
-0.41003505562984466
0.6135834417791389
0.25586467051585093
-1.967121324103896
-0.22224188240675014
-0.16416579501508488
-0.8850586906299066
0.4054003597645753
0.2988452223260374
-2.0544924476304787
-1.8403809701238698
-3.195903193864415
-2.21348236636593
-0.6455164552705193
-0.9175069110574678
-0.6666890880597661
-0.5562083344747606
-0.3523645483846448
-0.2640067949011132
-0.3389288238755534
-0.08895439397291337
-0.737558214595289
0.1512520545504236
0.04256964881047357
0.3746763270965543
0.33704649721792573
0.18347118022380368
-0.3862674325851661
-0.15182317067433343
-0.4556017174095525
-1.4425281945674222
-0.3847095227189217
-0.599939046547481
-0.8009078246469907
-0.20282780741127357
-0.8933534298416103
-0.7044072180684591
-0.15378398185280379
0.5091830161401103
0.739628518086374
0.8007175487486807
0.5166404098450701
0.8019867182913865
0.16262134554824761
-0.2990376836982381
-0.32746129789868184
-0.5249169132131912
-0.5237567299024178
-0.019761599709362997
0.1679795482309263
-0.031232873438307045
-0.5650494578255408
-0.6640132179217495
-1.9001321855870212
-3.2704483933327415
-3.148086096123712
-3.1496227229269484
-2.653751939131259
